"runtimeGP"
5549.892
